1.422569e+02 5.401709e+02
2.056942e+02 5.295589e+02
2.686964e+02 5.190287e+02
3.313050e+02 5.085552e+02
3.935936e+02 4.981169e+02
4.555893e+02 4.877505e+02
5.170232e+02 4.774639e+02
1.533764e+02 6.024271e+02
2.166862e+02 5.916595e+02
2.795458e+02 5.809521e+02
3.420317e+02 5.702831e+02
4.041750e+02 5.597363e+02
4.659898e+02 5.492986e+02
5.274959e+02 5.387308e+02
1.644402e+02 6.644716e+02
2.276659e+02 6.534890e+02
2.903848e+02 6.425773e+02
3.527500e+02 6.318423e+02
4.147516e+02 6.211056e+02
4.764544e+02 6.104153e+02
5.378298e+02 5.997668e+02
1.755580e+02 7.262783e+02
2.386398e+02 7.151630e+02
3.012712e+02 7.041241e+02
3.635560e+02 6.933130e+02
4.253370e+02 6.822651e+02
4.869419e+02 6.714053e+02
5.481392e+02 6.605811e+02
1.866342e+02 7.879162e+02
2.496155e+02 7.765588e+02
3.121357e+02 7.653559e+02
3.742245e+02 7.542058e+02
4.359909e+02 7.431381e+02
4.973629e+02 7.320948e+02
5.584046e+02 7.210955e+02
1.976554e+02 8.493205e+02
2.605930e+02 8.377339e+02
3.229498e+02 8.262969e+02
3.849228e+02 8.149490e+02
4.465427e+02 8.037045e+02
5.077948e+02 7.924918e+02
5.686824e+02 7.813473e+02
2.086222e+02 9.105914e+02
2.714597e+02 8.987089e+02
3.337636e+02 8.870764e+02
3.956095e+02 8.755179e+02
4.570753e+02 8.640709e+02
5.181812e+02 8.526687e+02
5.789128e+02 8.413195e+02
3.669770e+02 5.592480e+02
4.302529e+02 5.590719e+02
4.935892e+02 5.589763e+02
5.564441e+02 5.587841e+02
6.190389e+02 5.586057e+02
6.812437e+02 5.583864e+02
7.431033e+02 5.582047e+02
3.673644e+02 6.220004e+02
4.306179e+02 6.216915e+02
4.937235e+02 6.214349e+02
5.564473e+02 6.211085e+02
6.188383e+02 6.207542e+02
6.809088e+02 6.203794e+02
7.426254e+02 6.199602e+02
3.678784e+02 6.844553e+02
4.309039e+02 6.840245e+02
4.938776e+02 6.835574e+02
5.564004e+02 6.830781e+02
6.186826e+02 6.825559e+02
6.805777e+02 6.819804e+02
7.420891e+02 6.813999e+02
3.683497e+02 7.465284e+02
4.313028e+02 7.459753e+02
4.940077e+02 7.453326e+02
5.563894e+02 7.446642e+02
6.184901e+02 7.439753e+02
6.802467e+02 7.432349e+02
7.416049e+02 7.424687e+02
3.688684e+02 8.082561e+02
4.316841e+02 8.074967e+02
4.942108e+02 8.067388e+02
5.563961e+02 8.058775e+02
6.183109e+02 8.049859e+02
6.798970e+02 8.040626e+02
7.410886e+02 8.031191e+02
3.693772e+02 8.696321e+02
4.320480e+02 8.686520e+02
4.943922e+02 8.676832e+02
5.563854e+02 8.666511e+02
6.181304e+02 8.656146e+02
6.795266e+02 8.645315e+02
7.405422e+02 8.634105e+02
3.698723e+02 9.307260e+02
4.323816e+02 9.295625e+02
4.945829e+02 9.283909e+02
5.563962e+02 9.272335e+02
6.179525e+02 9.259944e+02
6.791955e+02 9.247292e+02
7.400526e+02 9.234454e+02
8.216722e+02 5.993873e+02
8.807305e+02 6.001202e+02
9.396222e+02 6.008283e+02
9.984356e+02 6.015445e+02
1.057131e+03 6.022282e+02
1.115776e+03 6.029539e+02
1.174482e+03 6.036782e+02
8.208237e+02 6.585108e+02
8.797625e+02 6.592385e+02
9.386771e+02 6.598098e+02
9.974525e+02 6.605103e+02
1.056134e+03 6.611595e+02
1.114796e+03 6.618621e+02
1.173507e+03 6.625543e+02
8.198585e+02 7.175557e+02
8.788308e+02 7.182805e+02
9.376620e+02 7.188356e+02
9.964489e+02 7.194432e+02
1.055135e+03 7.200706e+02
1.113813e+03 7.207098e+02
1.172589e+03 7.214160e+02
8.188908e+02 7.764973e+02
8.778448e+02 7.770402e+02
9.366537e+02 7.776464e+02
9.954242e+02 7.782590e+02
1.054160e+03 7.788566e+02
1.112841e+03 7.795435e+02
1.171705e+03 7.802420e+02
8.179043e+02 8.352250e+02
8.768644e+02 8.358223e+02
9.356776e+02 8.364479e+02
9.944219e+02 8.370250e+02
1.053154e+03 8.376543e+02
1.111923e+03 8.383440e+02
1.170893e+03 8.391596e+02
8.169453e+02 8.939478e+02
8.758759e+02 8.945358e+02
9.347085e+02 8.951558e+02
9.934509e+02 8.957763e+02
1.052271e+03 8.964339e+02
1.111103e+03 8.972128e+02
1.170215e+03 8.981443e+02
8.160526e+02 9.526079e+02
8.749346e+02 9.531951e+02
9.337640e+02 9.538413e+02
9.925715e+02 9.544889e+02
1.051435e+03 9.552514e+02
1.110416e+03 9.561379e+02
1.169725e+03 9.572227e+02
7.280422e+02 5.951071e+02
7.840502e+02 5.758868e+02
8.397880e+02 5.561444e+02
8.955648e+02 5.366871e+02
9.511521e+02 5.172516e+02
1.006604e+03 4.978503e+02
1.061999e+03 4.784977e+02
7.474689e+02 6.510656e+02
8.034077e+02 6.314958e+02
8.591152e+02 6.120205e+02
9.148069e+02 5.925349e+02
9.703619e+02 5.730575e+02
1.025812e+03 5.536333e+02
1.081172e+03 5.341965e+02
7.666655e+02 7.068632e+02
8.226816e+02 6.873011e+02
8.782983e+02 6.678323e+02
9.340251e+02 6.482538e+02
9.895618e+02 6.287850e+02
1.044946e+03 6.093214e+02
1.100331e+03 5.898732e+02
7.860558e+02 7.625717e+02
8.419152e+02 7.430117e+02
8.975574e+02 7.235165e+02
9.531816e+02 7.039639e+02
1.008691e+03 6.844337e+02
1.064090e+03 6.649744e+02
1.119487e+03 6.454735e+02
8.052992e+02 8.181306e+02
8.611465e+02 7.985713e+02
9.167665e+02 7.790972e+02
9.723470e+02 7.596129e+02
1.027816e+03 7.400326e+02
1.083215e+03 7.205342e+02
1.138669e+03 7.011183e+02
8.245745e+02 8.736371e+02
8.803173e+02 8.540924e+02
9.359301e+02 8.345863e+02
9.914460e+02 8.150984e+02
1.046962e+03 7.955182e+02
1.102376e+03 7.761049e+02
1.157908e+03 7.567081e+02
8.438192e+02 9.290883e+02
8.995319e+02 9.095573e+02
9.551206e+02 8.900632e+02
1.010613e+03 8.705485e+02
1.066133e+03 8.510752e+02
1.121644e+03 8.316705e+02
1.177274e+03 8.122624e+02
