2.138266e+02 1.487241e+02
2.780806e+02 1.424326e+02
3.412325e+02 1.362109e+02
4.035088e+02 1.300518e+02
4.649511e+02 1.240107e+02
5.254578e+02 1.180423e+02
5.852302e+02 1.122273e+02
2.231852e+02 2.114445e+02
2.872777e+02 2.046570e+02
3.503220e+02 1.979002e+02
4.125460e+02 1.912824e+02
4.739197e+02 1.847118e+02
5.344578e+02 1.783555e+02
5.941443e+02 1.720629e+02
2.324184e+02 2.740417e+02
2.964259e+02 2.668050e+02
3.594051e+02 2.595861e+02
4.215956e+02 2.524656e+02
4.829183e+02 2.455015e+02
5.433812e+02 2.386460e+02
6.030776e+02 2.319248e+02
2.416885e+02 3.367390e+02
3.055743e+02 3.289546e+02
3.684836e+02 3.212806e+02
4.305951e+02 3.137534e+02
4.919011e+02 3.063170e+02
5.523737e+02 2.990483e+02
6.120163e+02 2.918740e+02
2.509393e+02 3.994043e+02
3.147283e+02 3.911897e+02
3.776217e+02 3.830407e+02
4.396625e+02 3.751126e+02
5.009012e+02 3.672666e+02
5.613430e+02 3.595294e+02
6.209871e+02 3.519613e+02
2.602034e+02 4.621566e+02
3.239340e+02 4.535000e+02
3.867477e+02 4.449484e+02
4.487308e+02 4.365436e+02
5.099732e+02 4.282559e+02
5.703622e+02 4.201306e+02
6.299548e+02 4.121357e+02
2.695128e+02 5.249329e+02
3.331686e+02 5.158220e+02
3.959187e+02 5.068871e+02
4.578713e+02 4.980512e+02
5.190483e+02 4.893773e+02
5.793914e+02 4.807771e+02
6.389512e+02 4.723578e+02
1.134995e+02 1.112001e+02
1.738297e+02 1.099819e+02
2.337422e+02 1.086241e+02
2.934713e+02 1.070769e+02
3.530419e+02 1.054695e+02
4.124627e+02 1.038502e+02
4.718002e+02 1.022312e+02
1.156334e+02 1.708678e+02
1.758214e+02 1.694532e+02
2.356653e+02 1.678454e+02
2.952966e+02 1.661956e+02
3.548034e+02 1.644720e+02
4.142377e+02 1.627777e+02
4.735936e+02 1.610663e+02
1.176311e+02 2.303790e+02
1.776558e+02 2.287669e+02
2.374256e+02 2.270546e+02
2.970242e+02 2.252706e+02
3.565459e+02 2.235130e+02
4.159858e+02 2.217016e+02
4.753973e+02 2.199030e+02
1.195165e+02 2.898505e+02
1.794326e+02 2.881339e+02
2.391619e+02 2.862854e+02
2.987547e+02 2.844560e+02
3.582826e+02 2.826032e+02
4.177614e+02 2.807549e+02
4.771872e+02 2.789273e+02
1.213204e+02 3.493239e+02
1.811910e+02 3.475201e+02
2.408697e+02 3.456392e+02
3.004808e+02 3.437412e+02
3.600277e+02 3.418343e+02
4.195086e+02 3.399145e+02
4.789890e+02 3.380350e+02
1.230743e+02 4.088061e+02
1.829198e+02 4.068976e+02
2.425956e+02 4.049752e+02
3.022055e+02 4.030705e+02
3.617477e+02 4.011025e+02
4.213204e+02 3.991544e+02
4.807880e+02 3.972717e+02
1.248591e+02 4.683889e+02
1.846867e+02 4.664516e+02
2.443783e+02 4.645175e+02
3.039904e+02 4.625370e+02
3.635357e+02 4.605948e+02
4.231338e+02 4.586452e+02
4.826800e+02 4.567017e+02
6.474288e+02 1.556690e+02
7.073508e+02 1.467638e+02
7.677379e+02 1.377907e+02
8.286286e+02 1.287921e+02
8.899349e+02 1.197273e+02
9.517670e+02 1.105924e+02
1.014263e+03 1.011800e+02
6.548887e+02 2.154944e+02
7.148625e+02 2.068495e+02
7.753249e+02 1.981605e+02
8.362338e+02 1.894301e+02
8.975570e+02 1.806358e+02
9.593337e+02 1.717638e+02
1.021859e+03 1.627693e+02
6.623712e+02 2.753962e+02
7.224347e+02 2.669878e+02
7.828521e+02 2.585289e+02
8.438405e+02 2.500449e+02
9.051784e+02 2.415289e+02
9.670173e+02 2.329669e+02
1.029401e+03 2.242841e+02
6.697831e+02 3.354299e+02
7.298824e+02 3.272267e+02
7.904518e+02 3.190032e+02
8.514261e+02 3.107517e+02
9.128481e+02 3.024788e+02
9.746735e+02 2.941528e+02
1.037052e+03 2.857246e+02
6.772374e+02 3.954778e+02
7.374649e+02 3.875107e+02
7.979843e+02 3.795439e+02
8.590059e+02 3.715272e+02
9.204893e+02 3.634548e+02
9.823118e+02 3.553594e+02
1.044694e+03 3.471636e+02
6.847463e+02 4.556159e+02
7.449141e+02 4.478850e+02
8.055403e+02 4.401453e+02
8.666801e+02 4.323068e+02
9.280878e+02 4.245006e+02
9.899556e+02 4.166036e+02
1.052309e+03 4.086483e+02
6.921903e+02 5.157934e+02
7.523732e+02 5.082912e+02
8.130667e+02 5.007593e+02
8.741430e+02 4.931887e+02
9.356208e+02 4.855420e+02
9.975034e+02 4.778640e+02
1.059929e+03 4.701230e+02
5.168137e+02 6.446673e+01
5.783898e+02 6.695815e+01
6.394393e+02 6.943463e+01
6.998615e+02 7.189438e+01
7.597353e+02 7.439212e+01
8.190916e+02 7.679064e+01
8.778281e+02 7.929116e+01
5.164725e+02 1.260908e+02
5.780518e+02 1.282553e+02
6.391219e+02 1.304153e+02
6.995938e+02 1.325862e+02
7.595194e+02 1.347748e+02
8.188434e+02 1.369978e+02
8.776284e+02 1.392414e+02
5.160590e+02 1.875847e+02
5.777009e+02 1.894446e+02
6.387897e+02 1.913317e+02
6.993218e+02 1.932369e+02
7.592797e+02 1.951726e+02
8.186943e+02 1.970854e+02
8.774600e+02 1.990966e+02
5.156616e+02 2.491414e+02
5.773504e+02 2.507238e+02
6.385209e+02 2.523667e+02
6.990980e+02 2.539369e+02
7.590661e+02 2.556541e+02
8.184924e+02 2.573316e+02
8.772740e+02 2.590490e+02
5.152540e+02 3.108849e+02
5.769919e+02 3.121861e+02
6.382064e+02 3.135039e+02
6.987890e+02 3.148751e+02
7.588633e+02 3.162417e+02
8.182786e+02 3.176322e+02
8.771429e+02 3.190637e+02
5.148777e+02 3.726444e+02
5.766484e+02 3.736806e+02
6.378983e+02 3.747022e+02
6.985576e+02 3.757805e+02
7.586248e+02 3.769158e+02
8.180882e+02 3.780115e+02
8.769595e+02 3.791447e+02
5.145198e+02 4.346204e+02
5.763088e+02 4.353503e+02
6.375764e+02 4.361089e+02
6.983484e+02 4.368896e+02
7.584259e+02 4.376836e+02
8.179312e+02 4.384810e+02
8.767617e+02 4.393148e+02
